1.0283130675330063	0.01589412043835616	0.010958904109589041
1.0771032317024383	0.01338594016438356	0.010958904109589041
1.1006337291126325	0.012229928328767122	0.010958904109589041
1.1121945515137084	0.005357596054794521	0.010958904109589041
1.123623247337331	0.01101156997260274	0.010958904109589041
1.1460961031893897	0.00952120997260274	0.010958904109589041
1.168075009908165	0.0046915998904109605	0.010958904109589041
1.1788859260123805	0.004890126027397259	0.010958904109589041
1.1895812151291285	0.0046915998904109605	0.010958904109589041
1.2001633244596654	0.0043082630136986304	0.010958904109589041
1.2414062829937147	0.0037312027397260277	0.010958904109589041
1.251456618847216	0.0039268160000000005	0.010958904109589041
1.2614069497003841	0.0038953911232876707	0.010958904109589041
1.2712592461433958	0.003860189041095891	0.010958904109589041
1.2810154210887603	0.003407317917808219	0.010958904109589041
1.2906773320004974	0.0033537560547945208	0.010958904109589041
1.300246783016648	0.0035008333150684935	0.010958904109589041
1.3097255269711918	0.0034171020273972607	0.010958904109589041
1.319115267321031	0.0032898017534246566	0.010958904109589041
1.3284176599833444	0.003251485917808219	0.010958904109589041
1.3376343150882684	0.003134367561643835	0.010958904109589041
1.346766798651541	0.003100466958904109	0.010958904109589041
1.3558166341714588	0.0029439439999999996	0.010958904109589041
1.3647853041542193	0.002857121753424658	0.010958904109589041
1.3736742515714653	0.0028425916712328764	0.010958904109589041
1.3824848812536201	0.00278373698630137	0.010958904109589041
1.3912185612223746	0.0031578546849315063	0.010958904109589041
1.3998766239654894	0.0031414044931506843	0.010958904109589041
1.4084603676568808	0.0030136477808219175	0.010958904109589041
1.4169710573247893	0.0029507639452054798	0.010958904109589041
1.425409925970654	0.0028058739726027396	0.010958904109589041
1.4337781756411707	0.0027925812602739714	0.010958904109589041
1.4420769784558658	0.0027080373698630134	0.010958904109589041
1.4503074775923812	0.0027113069589041095	0.010958904109589041
1.4584707882315422	0.002658150684931507	0.010958904109589041
1.4665679984641615	0.0025948444931506846	0.010958904109589041
1.4746001701614257	0.0025007922191780823	0.010958904109589041
1.4825683398106027	0.0025207250410958907	0.010958904109589041
1.490473519317716	0.0023757080547945207	0.010958904109589041
1.498316696778742	0.00242907002739726	0.010958904109589041
1.5060988372207968	0.0023401250410958903	0.010958904109589041
1.513820883314707	0.002287754630136986	0.010958904109589041
1.5214837560602763	0.0022747546301369864	0.010958904109589041
1.5290883554454955	0.002271759890410959	0.010958904109589041
1.5366355610808784	0.0022687671232876714	0.010958904109589041
1.544126232810036	0.0022697644931506853	0.010958904109589041
1.551561211297554	0.002300791671232877	0.010958904109589041
1.5589413185951766	0.002291762082191781	0.010958904109589041
1.5735401180163293	0.0023199124383561634	0.010958904109589041
1.587928855468429	0.0023472201643835616	0.010958904109589041
1.6021134904603853	0.002418762082191781	0.010958904109589041
1.6160997324351254	0.002492423123287671	0.010958904109589041
1.629893054567461	0.002601247561643835	0.010958904109589041
1.6434987066232398	0.0026906328767123287	0.010958904109589041
1.6569217269553804	0.0028025478356164387	0.010958904109589041
1.6701669537054011	0.0028728109589041093	0.010958904109589041
1.683239035272754	0.0030332187397260272	0.010958904109589041
1.6961424401086616	0.002947352986301369	0.010958904109589041
1.7088814658860914	0.0031331955068493143	0.010958904109589041
1.7214602480929515	0.00336589194520548	0.010958904109589041
1.7338827680915088	0.0033307582465753427	0.010958904109589041
1.746152860683323	0.0035580497534246575	0.010958904109589041
1.758274221215668	0.003231221917808218	0.010958904109589041
0.8942446886071137	0.04564615723287671	0.030136986301369864
1.0401986012301934	0.05932191506849316	0.030136986301369864
1.0765662454010683	0.024514136191780826	0.030136986301369864
1.1116575652123384	0.009471221808219178	0.030136986301369864
1.123086261035961	0.009471221808219178	0.030136986301369864
1.1343858162898945	0.010176573452054794	0.030136986301369864
1.1455591168880197	0.012274771616438357	0.030136986301369864
1.1566089530746047	0.010124103452054795	0.030136986301369864
1.167538023606795	0.009535530821917809	0.030136986301369864
1.1890442288277585	0.00978463682191781	0.030136986301369864
1.1996263381582954	0.009726338931506852	0.030136986301369864
1.210097638025591	0.029806391095890415	0.030136986301369864
1.2204604250611375	0.009182860273972604	0.030136986301369864
1.2307169252283265	0.009400396575342466	0.030136986301369864
1.2408692966923447	0.009323131068493152	0.030136986301369864
1.250919632545846	0.008545530821917807	0.030136986301369864
1.2608699633990141	0.00807711284931507	0.030136986301369864
1.2707222598420258	0.008548740712328766	0.030136986301369864
1.2804784347873903	0.007921847095890411	0.030136986301369864
1.2901403456991274	0.007746682191780823	0.030136986301369864
1.3091885406698218	0.0076067489315068525	0.030136986301369864
1.318578281019661	0.009467843150684932	0.030136986301369864
1.3278806736819744	0.009159585178082193	0.030136986301369864
1.3370973287868984	0.008765176410958905	0.030136986301369864
1.346229812350171	0.008152175643835618	0.030136986301369864
1.3552796478700888	0.007915667808219179	0.030136986301369864
1.3642483178528493	0.0076826413972602755	0.030136986301369864
1.3731372652700953	0.007369404794520549	0.030136986301369864
1.3819478949522501	0.007094820383561645	0.030136986301369864
1.3906815749210046	0.006819713397260275	0.030136986301369864
1.3993396376641194	0.00676248928767123	0.030136986301369864
1.4079233813555108	0.0065838092054794515	0.030136986301369864
1.4164340710234193	0.006407521397260274	0.030136986301369864
1.424872939669284	0.00620897893150685	0.030136986301369864
1.4332411893398007	0.006140771397260275	0.030136986301369864
1.4415399921544958	0.005887682191780822	0.030136986301369864
1.4497704912910112	0.005639918794520548	0.030136986301369864
1.4579338019301722	0.005650353424657534	0.030136986301369864
1.4660310121627915	0.005507722602739726	0.030136986301369864
1.4740631838600557	0.005394930712328767	0.030136986301369864
1.4820313535092327	0.005489700383561644	0.030136986301369864
1.489936533016346	0.005438371068493149	0.030136986301369864
1.497779710477372	0.00536691506849315	0.030136986301369864
1.5055618509194268	0.005192844136986299	0.030136986301369864
1.513283897013337	0.005100683726027397	0.030136986301369864
1.5209467697589063	0.005093247424657535	0.030136986301369864
1.5285513691441255	0.005220402301369861	0.030136986301369864
1.5360985747795084	0.005070971068493151	0.030136986301369864
1.543589246508666	0.005085816547945206	0.030136986301369864
1.551024224996184	0.005090769863013698	0.030136986301369864
1.5584043322938066	0.0051130896164383564	0.030136986301369864
1.5730031317149593	0.005100683726027397	0.030136986301369864
1.587391869167059	0.0051678545479452035	0.030136986301369864
1.6015765041590153	0.005278259589041096	0.030136986301369864
1.6155627461337554	0.005405136301369863	0.030136986301369864
1.629356068266091	0.005613874410958904	0.030136986301369864
1.6429617203218698	0.005794807534246575	0.030136986301369864
1.6563847406540104	0.005943761397260271	0.030136986301369864
1.6696299674040311	0.006648764356164384	0.030136986301369864
1.682702048971384	0.006972523287671233	0.030136986301369864
1.6956054538072916	0.007274335863013699	0.030136986301369864
1.7083444795847214	0.007498125589041097	0.030136986301369864
1.7209232617915815	0.007884807534246575	0.030136986301369864
1.7333457817901388	0.008164719863013698	0.030136986301369864
1.757737234914298	0.008133377397260277	0.030136986301369864
1.7697134259610137	0.007983772575342465	0.030136986301369864
1.7815478836080165	0.012838877232876711	0.030136986301369864
1.2503826462444763	0.03202889473972603	0.049315068493150684
1.2896033593977576	0.015053732876712328	0.049315068493150684
1.308651554368452	0.013722226027397259	0.049315068493150684
1.3180412947182911	0.013038984986301369	0.049315068493150684
1.3273436873806046	0.012284423506849313	0.049315068493150684
1.3365603424855286	0.011792268493150685	0.049315068493150684
1.3456928260488012	0.011395355671232878	0.049315068493150684
1.354742661568719	0.010898334739726023	0.049315068493150684
1.3637113315514795	0.010791953753424658	0.049315068493150684
1.3726002789687255	0.010312929369863014	0.049315068493150684
1.3814109086508803	0.01026337512328767	0.049315068493150684
1.3901445886196349	0.009999620876712328	0.049315068493150684
1.3988026513627496	0.009796363890410957	0.049315068493150684
1.407386395054141	0.009486737753424656	0.049315068493150684
1.4158970847220496	0.009271674739726026	0.049315068493150684
1.4243359533679143	0.008987356109589041	0.049315068493150684
1.432704203038431	0.00877806295890411	0.049315068493150684
1.441003005853126	0.008567124164383561	0.049315068493150684
1.4492335049896414	0.008468746520547944	0.049315068493150684
1.4573968156288024	0.008181038958904109	0.049315068493150684
1.4654940258614217	0.008140916219178082	0.049315068493150684
1.473526197558686	0.00802511802739726	0.049315068493150684
1.4814943672078629	0.007918051561643836	0.049315068493150684
1.4893995467149763	0.0076244173150684935	0.049315068493150684
1.4972427241760022	0.007585685260273972	0.049315068493150684
1.505024864618057	0.007554770630136987	0.049315068493150684
1.5127469107119673	0.0075586315068493105	0.049315068493150684
1.5204097834575365	0.007401144328767123	0.049315068493150684
1.5280143828427557	0.007366795890410958	0.049315068493150684
1.5355615884781386	0.007462405479452055	0.049315068493150684
1.5430522602072962	0.007427915013698629	0.049315068493150684
1.5504872386948143	0.007447066520547945	0.049315068493150684
1.5578673459924368	0.007431743342465752	0.049315068493150684
1.5724661454135895	0.007317322520547944	0.049315068493150684
1.5868548828656892	0.007447066520547945	0.049315068493150684
1.6010395178576455	0.00758955402739726	0.049315068493150684
1.6150257598323856	0.007749022684931506	0.049315068493150684
1.6288190819647212	0.009906570739726027	0.049315068493150684
1.6424247340205	0.00847692295890411	0.049315068493150684
1.6558477543526406	0.00861652602739726	0.049315068493150684
1.6690929811026614	0.010407864328767122	0.049315068493150684
1.6950684675059218	0.009783180493150686	0.049315068493150684
1.7203862754902117	0.011291289041095888	0.049315068493150684
1.7450788880805832	0.011898613479452052	0.049315068493150684
1.7691764396596439	0.012497008438356168	0.049315068493150684
1.7810108973066467	0.012862084438356167	0.049315068493150684
1.792706937069838	0.012487080328767122	0.049315068493150684
1.3268067010792348	0.026083041780821915	0.0684931506849315
1.3451558397474315	0.023729449315068492	0.0684931506849315
1.3542056752673493	0.022669184246575345	0.0684931506849315
1.3808739223495106	0.02017282808219179	0.0684931506849315
1.389607602318265	0.019145458219178076	0.0684931506849315
1.3982656650613798	0.011790548630136984	0.0684931506849315
1.4068494087527712	0.011530554109589041	0.0684931506849315
1.4153600984206798	0.011074274657534246	0.0684931506849315
1.4237989670665445	0.018011221917808223	0.0684931506849315
1.4321672167370612	0.017412167123287667	0.0684931506849315
1.4404660195517562	0.010268756164383561	0.0684931506849315
1.4486965186882717	0.010385778082191776	0.0684931506849315
1.4568598293274326	0.010236956164383556	0.0684931506849315
1.464957039560052	0.00973486301369863	0.0684931506849315
1.4729892112573162	0.009688439041095889	0.0684931506849315
1.480957380906493	0.009621578082191776	0.0684931506849315
1.4888625604136065	0.009376712328767122	0.0684931506849315
1.4967057378746325	0.00930083904109589	0.0684931506849315
1.5044878783166873	0.013931575342465752	0.0684931506849315
1.5122099244105975	0.00915001712328767	0.0684931506849315
1.5198727971561667	0.01340532602739726	0.0684931506849315
1.527477396541386	0.009090033561643836	0.0684931506849315
1.5350246021767688	0.01301430205479452	0.0684931506849315
1.5425152739059265	0.00900042808219178	0.0684931506849315
1.5499502523934445	0.009045175342465753	0.0684931506849315
1.557330359691067	0.009015331506849316	0.0684931506849315
1.5719291591122198	0.012232243835616437	0.0684931506849315
1.5863178965643194	0.00931598904109589	0.0684931506849315
1.6005025315562758	0.012313424657534246	0.0684931506849315
1.6144887735310158	0.009295791780821919	0.0684931506849315
1.6553107680512709	0.012185975342465754	0.0684931506849315
1.6685559948012916	0.012788384246575342	0.0684931506849315
1.6816280763686444	0.012883266438356163	0.0684931506849315
0.5561614930817912	0.16044430378082192	0.08767123287671233
0.5953822062350724	0.14967264087671234	0.08767123287671233
0.6514716728861161	0.24726657402739724	0.08767123287671233
0.6694901783887944	0.23799108032876712	0.08767123287671233
0.6871897554881953	0.12267418389041097	0.08767123287671233
0.7045814982000644	0.22047225336986304	0.08767123287671233
0.7384830498757458	0.10412397063013701	0.08767123287671233
0.7872732140451779	0.0	0.08767123287671233
0.8337932296800705	0.08231986849315068	0.08767123287671233
0.8636461928297517	0.03980330432876712	0.08767123287671233
0.8782449922509045	0.0	0.08767123287671233
0.892633729703004	0.1402271640547945	0.08767123287671233
0.9068183646949606	0.034785666630136984	0.08767123287671233
0.9345979288020363	0.03720082936986301	0.08767123287671233
0.9482035808578149	0.11995161336986301	0.08767123287671233
0.9616266011899556	0.03308401008219178	0.08767123287671233
0.9748718279399763	0.03308401008219178	0.08767123287671233
0.987943909507329	0.03292263802739726	0.08767123287671233
1.0008473143432368	0.026078786630136987	0.08767123287671233
1.0261651223275268	0.02952312021917809	0.08767123287671233
1.0385876423260838	0.028564395835616437	0.08767123287671233
1.0508577349178982	0.02519699375342466	0.08767123287671233
1.062979095450243	0.027454435945205476	0.08767123287671233
1.0749552864969587	0.02645308405479452	0.08767123287671233
1.0867897441439616	0.026078786630136987	0.08767123287671233
1.098485783907153	0.07449558268493149	0.08767123287671233
1.1100466063082288	0.03554076843835617	0.08767123287671233
1.1214753021318515	0.024719868493150686	0.08767123287671233
1.1439481579839101	0.022314104109589047	0.08767123287671233
1.154997994170495	0.03234496526027398	0.08767123287671233
1.1659270647026854	0.022128724164383568	0.08767123287671233
1.176737980806901	0.02774958991780822	0.08767123287671233
1.187433269923649	0.0275035186849315	0.08767123287671233
1.1980153792541859	0.02632802191780821	0.08767123287671233
1.2084866791214814	0.025357048986301374	0.08767123287671233
1.218849466157028	0.02577366268493151	0.08767123287671233
1.229105966324217	0.024869063890410957	0.08767123287671233
1.2392583377882351	0.02393479452054794	0.08767123287671233
1.2493086736417365	0.02184772734246575	0.08767123287671233
1.2592590044949046	0.022172792109589043	0.08767123287671233
1.2691113009379162	0.020073402739726024	0.08767123287671233
1.2788674758832808	0.02069055473972603	0.08767123287671233
1.2885293867950178	0.020014714739726026	0.08767123287671233
1.2980988378111684	0.01859158356164383	0.08767123287671233
1.3075775817657123	0.018648148164383562	0.08767123287671233
1.3169673221155513	0.017595967123287662	0.08767123287671233
1.3262697147778648	0.01681152087671233	0.08767123287671233
1.3354863698827888	0.01631613895890411	0.08767123287671233
1.3446188534460615	0.015835616438356164	0.08767123287671233
1.3536686889659792	0.015642455671232874	0.08767123287671233
1.3626373589487397	0.015479937753424659	0.08767123287671233
1.3715263063659857	0.014687253917808219	0.08767123287671233
1.3803369360481406	0.014380273972602742	0.08767123287671233
1.389070616016895	0.013513184438356165	0.08767123287671233
1.3977286787600098	0.013437567123287664	0.08767123287671233
1.4063124224514012	0.01307620295890411	0.08767123287671233
1.4148231121193098	0.013008573369863012	0.08767123287671233
1.4232619807651745	0.012487080328767126	0.08767123287671233
1.4316302304356912	0.012243435835616438	0.08767123287671233
1.4399290332503862	0.012125774027397253	0.08767123287671233
1.4481595323869016	0.011756926246575337	0.08767123287671233
1.4563228430260626	0.011840547945205478	0.08767123287671233
1.464420053258682	0.0113432626849315	0.08767123287671233
1.4724522249559462	0.011431733479452054	0.08767123287671233
1.480420394605123	0.011204931506849314	0.08767123287671233
1.4883255741122365	0.010992816219178076	0.08767123287671233
1.4961687515732625	0.010875164054794521	0.08767123287671233
1.5039508920153173	0.01098660821917808	0.08767123287671233
1.5116729381092275	0.010868989369863016	0.08767123287671233
1.5193358108547967	0.01058075704109589	0.08767123287671233
1.526940410240016	0.010574666520547938	0.08767123287671233
1.5344876158753988	0.01047139594520548	0.08767123287671233
1.5419782876045565	0.010441118684931501	0.08767123287671233
1.5494132660920745	0.010435068493150684	0.08767123287671233
1.556793373389697	0.01042902005479452	0.08767123287671233
1.56411941348177	0.01038069567123287	0.08767123287671233
1.5713921728108498	0.010422973369863014	0.08767123287671233
1.5786124207843368	0.010435068493150684	0.08767123287671233
1.5857809102629494	0.010459279780821918	0.08767123287671233
1.5928983780318133	0.010562490739726028	0.08767123287671233
1.5999655452549058	0.010544240219178082	0.08767123287671233
1.6069831179135523	0.010617336986301368	0.08767123287671233
1.6139517872296458	0.010684564164383556	0.08767123287671233
1.6208722300742195	0.01073972602739726	0.08767123287671233
1.6277451093619815	0.010868989369863016	0.08767123287671233
1.6345710744323814	0.010937007342465754	0.08767123287671233
1.6413507614177603	0.011023882520547947	0.08767123287671233
1.6480847935991043	0.011211200876712327	0.08767123287671233
1.6547737817499009	0.011355880328767123	0.08767123287671233
1.6614183244685694	0.01148878904109589	0.08767123287671233
1.6680190084999216	0.011565084054794523	0.08767123287671233
1.6745764090460806	0.01170561402739726	0.08767123287671233
1.6810910900672744	0.01183410498630137	0.08767123287671233
1.6875636045728917	0.011969775342465752	0.08767123287671233
1.693994494903182	0.012106218958904109	0.08767123287671233
1.700384293001953	0.012355082520547947	0.08767123287671233
1.7067335206806118	0.013300624657534248	0.08767123287671233
1.7130426898738766	0.013410122520547947	0.08767123287671233
1.719312302887472	0.01369969008219178	0.08767123287671233
1.725542852638108	0.013513184438356165	0.08767123287671233
1.7317348228860292	0.014217406246575342	0.08767123287671233
1.7378886884604074	0.01444425731506849	0.08767123287671233
1.7440049154778434	0.014723159671232867	0.08767123287671233
1.7500839615542256	0.015019240328767123	0.08767123287671233
1.7561262760101883	0.01531094005479452	0.08767123287671233
1.7621323000704003	0.015620244164383559	0.08767123287671233
1.768102467056904	0.015970037479452054	0.08767123287671233
1.7740372025767186	0.016202872109589043	0.08767123287671233
1.779936924703907	0.01566468295890411	0.08767123287671233
1.785802044156305	0.016727166246575345	0.08767123287671233
1.7974300821514242	0.017089073972602738	0.08767123287671233
1.8089244615771591	0.01624058389041096	0.08767123287671233
1.8315242934944	0.018802113753424658	0.08767123287671233
1.8370953385438555	0.018769647342465754	0.08767123287671233
1.86449431273197	0.018350136986301373	0.08767123287671233
0.5540135478763117	0.18581823123287666	0.1643835616438356
0.593234261029593	0.06501619890410959	0.1643835616438356
0.667342233183315	0.0	0.1643835616438356
0.702433552994585	0.13377277972602739	0.1643835616438356
0.7363351046702663	0.0	0.1643835616438356
0.7528644066214769	0.2261801095890411	0.1643835616438356
0.7691249274932572	0.0	0.1643835616438356
0.8614982476242723	0.0	0.1643835616438356
0.8904857844975246	0.16173133315068494	0.1643835616438356
0.918656661464221	0.0	0.1643835616438356
0.9324499835965568	0.14416968493150684	0.1643835616438356
0.9460556356523354	0.04453483561643835	0.1643835616438356
0.9594786559844761	0.047085869589041096	0.1643835616438356
0.9727238827344968	0.04321007506849315	0.1643835616438356
0.9986993691377574	0.04243818246575342	0.1643835616438356
1.0240171771220474	0.06002934082191779	0.1643835616438356
1.0364396971206045	0.10819852438356162	0.1643835616438356
1.048709789712419	0.0568153002739726	0.1643835616438356
1.0728073412914794	0.054330412602739714	0.1643835616438356
1.0963378387016736	0.05059775999999999	0.1643835616438356
1.1078986611027495	0.04909516438356164	0.1643835616438356
1.1193273569263722	0.0475621495890411	0.1643835616438356
1.1306269121803056	0.04631484493150684	0.1643835616438356
1.1418002127784308	0.04450061753424657	0.1643835616438356
1.1528500489650158	0.04295760657534246	0.1643835616438356
1.163779119497206	0.04165669479452056	0.1643835616438356
1.1745900356014216	0.04057154630136986	0.1643835616438356
1.1852853247181696	0.03900269753424657	0.1643835616438356
1.1958674340487065	0.037653363287671215	0.1643835616438356
1.206338733916002	0.0364825002739726	0.1643835616438356
1.2167015209515486	0.03546743835616439	0.1643835616438356
1.2269580211187376	0.03440650684931507	0.1643835616438356
1.2371103925827558	0.03330246739726027	0.1643835616438356
1.2471607284362571	0.03233297260273973	0.1643835616438356
1.2571110592894252	0.03144965917808219	0.1643835616438356
1.266963355732437	0.030521886575342463	0.1643835616438356
1.2767195306778014	0.029677809863013698	0.1643835616438356
1.2863814415895385	0.028174684931506846	0.1643835616438356
1.295950892605689	0.027484801643835613	0.1643835616438356
1.305429636560233	0.027042963287671234	0.1643835616438356
1.314819376910072	0.026104479452054793	0.1643835616438356
1.3241217695723855	0.026078283287671228	0.1643835616438356
1.3333384246773095	0.0251054202739726	0.1643835616438356
1.3424709082405821	0.024606839999999984	0.1643835616438356
1.3515207437605	0.02369952164383561	0.1643835616438356
1.3604894137432604	0.023128768767123283	0.1643835616438356
1.3693783611605064	0.021899999999999996	0.1643835616438356
1.3781889908426612	0.022540617534246573	0.1643835616438356
1.3869226708114157	0.021864014794520537	0.1643835616438356
1.3955807335545305	0.021948026301369862	0.1643835616438356
1.4041644772459219	0.02141076328767123	0.1643835616438356
1.4126751669138304	0.02109160109589041	0.1643835616438356
1.4211140355596952	0.020553363287671222	0.1643835616438356
1.4294822852302118	0.01988463123287671	0.1643835616438356
1.437781088044907	0.019999140821917807	0.1643835616438356
1.4460115871814223	0.019204477808219177	0.1643835616438356
1.4541748978205833	0.019429880547945203	0.1643835616438356
1.4622721080532026	0.018503054794520538	0.1643835616438356
1.4703042797504668	0.018458960547945193	0.1643835616438356
1.4782724493996438	0.018359940821917806	0.1643835616438356
1.4861776289067572	0.018492026301369858	0.1643835616438356
1.4940208063677831	0.018129930410958905	0.1643835616438356
1.501802946809838	0.017868836712328768	0.1643835616438356
1.5095249929037482	0.017545132602739724	0.1643835616438356
1.5171878656493174	0.0175666208219178	0.1643835616438356
1.5247924650345366	0.017491469589041093	0.1643835616438356
1.5323396706699195	0.017459311232876713	0.1643835616438356
1.5398303423990771	0.01727763945205479	0.1643835616438356
1.5472653208865952	0.017416479452054785	0.1643835616438356
1.5546454281842177	0.017245678356164387	0.1643835616438356
1.5619714682762906	0.017363013698630136	0.1643835616438356
1.5692442276053704	0.01705453315068493	0.1643835616438356
1.5764644755788575	0.01691714630136986	0.1643835616438356
1.58363296505747	0.01692769479452055	0.1643835616438356
1.590750432826334	0.016969921643835612	0.1643835616438356
1.5978176000494264	0.01691714630136986	0.1643835616438356
1.604835172708073	0.016980486575342468	0.1643835616438356
1.6118038420241665	0.017022779178082186	0.1643835616438356
1.6187242848687402	0.016980486575342468	0.1643835616438356
1.6255971641565021	0.017086316712328766	0.1643835616438356
1.632423129226902	0.01710752219178082	0.1643835616438356
1.639202816212281	0.017224387397260274	0.1643835616438356
1.645936848393625	0.01726698246575341	0.1643835616438356
1.6526258365444215	0.017320300273972602	0.1643835616438356
1.65927037926309	0.02122134082191781	0.1643835616438356
1.6658710632944422	0.017502195616438353	0.1643835616438356
1.6724284638406013	0.02125679342465753	0.1643835616438356
1.678943144861795	0.017749801643835616	0.1643835616438356
1.6854156593674123	0.017890522191780826	0.1643835616438356
1.6918465496977027	0.018108100273972597	0.1643835616438356
1.6982363477964737	0.02155338246575342	0.1643835616438356
1.7045855754751325	0.01846997917808219	0.1643835616438356
1.7171643576819926	0.019025102465753424	0.1643835616438356
1.7233949074326287	0.021984080547945206	0.1643835616438356
1.7295868776805499	0.019193242191780823	0.1643835616438356
1.735740743254928	0.020704768767123287	0.1643835616438356
1.741856970272364	0.02078652493150685	0.1643835616438356
1.759984354864921	0.02288278520547945	0.1643835616438356
1.7659545218514248	0.021780164383561642	0.1643835616438356
1.7777889794984276	0.022213111232876708	0.1643835616438356
1.8010458416626949	0.023500209863013696	0.1643835616438356
1.8124745374863176	0.024226719452054794	0.1643835616438356
1.8404875737139914	0.0265122016438356	0.1643835616438356
-3.3606943890586836	7.689989038904106	0.2602739726027397
-2.667547208498738	4.70983067109589	0.2602739726027397
-2.262082100390574	0.0	0.2602739726027397
-1.9744000279387928	2.896388320410959	0.2602739726027397
-1.7512564766245833	2.4597727008219183	0.2602739726027397
-1.5689349198306286	2.1432531375342467	0.2602739726027397
-1.41478424000337	0.0	0.2602739726027397
-1.2812528473788476	1.7077309965753424	0.2602739726027397
-1.1634698117224642	0.0	0.2602739726027397
-1.0581092960646379	1.2554923302739724	0.2602739726027397
-0.962799116260313	1.217822336849315	0.2602739726027397
-0.8757877392706832	1.1538284212328769	0.2602739726027397
-0.7957450315971468	0.9943666032876711	0.2602739726027397
-0.7216370594434249	1.022337323150685	0.2602739726027397
-0.6526441879564735	0.9246157501369863	0.2602739726027397
-0.5881056668189023	0.8472276049315068	0.2602739726027397
-0.5274810450024675	0.8523067265753426	0.2602739726027397
-0.47032263116251893	0.7689204843835618	0.2602739726027397
-0.4162554098922431	0.7177295183561644	0.2602739726027397
-0.36496211550469265	0.6947499501369861	0.2602739726027397
-0.3161719513352606	0.6864403287671232	0.2602739726027397
-0.2696519357003677	0.6509822294520546	0.2602739726027397
-0.22520017312953397	0.0	0.2602739726027397
-0.182640558710738	0.0	0.2602739726027397
-0.14181856419048283	0.0	0.2602739726027397
-0.1025978510372016	0.0	0.2602739726027397
-0.06485752305435454	0.0	0.2602739726027397
-0.028489878883479647	0.0	0.2602739726027397
0.006601440927790381	0.0	0.2602739726027397
0.04050299260347177	0.44270979671232863	0.2602739726027397
0.07329281542646267	0.0	0.2602739726027397
0.10504151374104301	0.0	0.2602739726027397
0.13581317240779653	0.0	0.2602739726027397
0.16566613555747772	0.3559237101369863	0.2602739726027397
0.19465367243073003	0.3558019747945205	0.2602739726027397
0.22282454939742638	0.3231729494520548	0.2602739726027397
0.25022352358554084	0.3168239302739726	0.2602739726027397
0.2768917706677022	0.30719224986301374	0.2602739726027397
0.30286725707096274	0.2883201198630137	0.2602739726027397
0.32818506505525263	0.28286738013698626	0.2602739726027397
0.3769752292246847	0.0	0.2602739726027397
0.4234952448595776	0.0	0.2602739726027397
0.46794700743041134	0.0	0.2602739726027397
0.5105066218492074	0.13120410958904108	0.2602739726027397
0.5311259090519431	0.0	0.2602739726027397
0.5513286163694625	0.0	0.2602739726027397
0.5711312436656422	0.0	0.2602739726027397
0.5905493295227437	0.0	0.2602739726027397
0.6095975244934383	0.0	0.2602739726027397
0.6282896575055908	0.11739567999999999	0.2602739726027397
0.6466387961737874	0.1061755631506849	0.2602739726027397
0.6646573016764658	0.09665751835616436	0.2602739726027397
0.6823568787758666	0.10527978082191781	0.2602739726027397
0.6997486214877358	0.0	0.2602739726027397
0.7168430548470359	0.0	0.2602739726027397
0.7336501731634171	0.10089019780821915	0.2602739726027397
0.7501794751146277	0.0	0.2602739726027397
0.766439995986408	0.0	0.2602739726027397
0.7824403373328492	0.09177219671232877	0.2602739726027397
0.7981886943009884	0.0854554931506849	0.2602739726027397
0.8136928808369537	0.0	0.2602739726027397
0.8289603529677418	0.0867428836986301	0.2602739726027397
0.8439982303322824	0.0	0.2602739726027397
0.8588133161174231	0.0	0.2602739726027397
0.8878008529906753	0.07807576041095891	0.2602739726027397
0.9159717299573717	0.07059479671232874	0.2602739726027397
0.9433707041454862	0.0706219094520548	0.2602739726027397
0.9700389512276476	0.07021576493150684	0.2602739726027397
0.9960144376309081	0.08188448479452057	0.2602739726027397
1.021332245615198	0.08014200260273974	0.2602739726027397
1.0460248582055696	0.07466410739726029	0.2602739726027397
1.07012240978463	0.0715195501369863	0.2602739726027397
1.0936529071948242	0.0684960410958904	0.2602739726027397
1.1166424254195229	0.06493842123287671	0.2602739726027397
1.1391152812715815	0.06102113917808219	0.2602739726027397
1.1610941879903567	0.058971835616438345	0.2602739726027397
1.1826003932113203	0.05550582958904109	0.2602739726027397
1.2036538024091528	0.05291651219178082	0.2602739726027397
1.2242730896118883	0.051147711095890384	0.2602739726027397
1.2444757969294078	0.04918243438356163	0.2602739726027397
1.2642784242255876	0.0464605308219178	0.2602739726027397
1.2836965100826891	0.044868900821917815	0.2602739726027397
1.3027447050533836	0.04269143835616439	0.2602739726027397
1.3214368380655361	0.04135283890410959	0.2602739726027397
1.3397859767337328	0.03991315945205477	0.2602739726027397
1.357804482236411	0.03898097260273973	0.2602739726027397
1.3755040593358119	0.037603345068493145	0.2602739726027397
1.3928958020476812	0.03652298684931507	0.2602739726027397
1.409990235406981	0.03574716219178082	0.2602739726027397
1.4267973537233625	0.03497966630136986	0.2602739726027397
1.443326655674573	0.03423937684931507	0.2602739726027397
1.4595871765463533	0.03369403780821916	0.2602739726027397
1.4755875178927944	0.03223066561643835	0.2602739726027397
1.4913358748609338	0.031920010410958904	0.2602739726027397
1.5068400613968989	0.03144780054794519	0.2602739726027397
1.5221075335276872	0.03121301520547945	0.2602739726027397
1.5371454108922278	0.03096115328767123	0.2602739726027397
1.5519604966773684	0.03058527342465753	0.2602739726027397
1.566559296098521	0.030335962191780814	0.2602739726027397
1.5809480335506207	0.03021168917808219	0.2602739726027397
1.595132668542577	0.030069975205479448	0.2602739726027397
1.6091189105173171	0.029858028904109588	0.2602739726027397
1.6229122326496528	0.029928594383561623	0.2602739726027397
1.6365178847054316	0.029840400547945206	0.2602739726027397
1.6499409050375722	0.029928594383561623	0.2602739726027397
1.663186131787593	0.02980515945205479	0.2602739726027397
1.6762582133549457	0.030478300821917804	0.2602739726027397
1.6891616181908533	0.030034598767123288	0.2602739726027397
1.7019006439682831	0.03078187657534246	0.2602739726027397
1.7144794261751433	0.030424884794520542	0.2602739726027397
1.7269019461737005	0.03128516315068493	0.2602739726027397
1.7391720387655147	0.03137546520547945	0.2602739726027397
1.7512933992978597	0.03152021917808219	0.2602739726027397
1.7632695903445754	0.03232232109589041	0.2602739726027397
1.7751040479915783	0.032414106712328764	0.2602739726027397
1.7868000877547696	0.03267179876712328	0.2602739726027397
1.8097896059794683	0.03399437315068493	0.2602739726027397
1.8322624618315269	0.035554507397260265	0.2602739726027397
1.8863296831018026	0.03865931561643834	0.2602739726027397
1.9376229774893532	0.0402399802739726	0.2602739726027397
1.9864131416587851	0.04233379328767123	0.2602739726027397
-2.6718430989096973	0.0	0.4136986301369863
-1.9786959183497517	0.0	0.4136986301369863
-1.5732308102415875	0.0	0.4136986301369863
-1.2855487377898065	0.0	0.4136986301369863
-1.0624051864755968	0.0	0.4136986301369863
-0.8800836296816422	0.0	0.4136986301369863
-0.725932949854384	0.0	0.4136986301369863
-0.5924015572298613	0.9619817027671231	0.4136986301369863
0.036207102192512865	0.4694035809315068	0.4136986301369863
0.32388917464429373	0.0	0.4136986301369863
0.5062107314382484	0.0	0.4136986301369863
0.5470327259585035	0.14705101490410957	0.4136986301369863
0.6239937670946318	0.1438132935890411	0.4136986301369863
0.6603614112655067	0.0	0.4136986301369863
0.6954527310767767	0.0	0.4136986301369863
0.7293542827524581	0.0	0.4136986301369863
0.762144105575449	0.0	0.4136986301369863
0.7938928038900294	0.11783613476712328	0.4136986301369863
0.8246644625567828	0.0	0.4136986301369863
0.854517425706464	0.11019244030136988	0.4136986301369863
0.8835049625797163	0.12706242093150688	0.4136986301369863
0.9116758395464127	0.12058984523287673	0.4136986301369863
0.9390748137345272	0.11686665684931505	0.4136986301369863
0.9657430608166886	0.11225166660273975	0.4136986301369863
0.9917185472199491	0.10697098561643839	0.4136986301369863
1.0170363552042392	0.10202286454794521	0.4136986301369863
1.0417289677946107	0.09735239317808218	0.4136986301369863
1.0658265193736711	0.09286973271232878	0.4136986301369863
1.0893570167838653	0.08883746180821916	0.4136986301369863
1.112346535008564	0.08523234715068494	0.4136986301369863
1.1236460902624974	0.08329064435616437	0.4136986301369863
1.1348193908606226	0.08159163372602736	0.4136986301369863
1.1458692270472075	0.0800556534520548	0.4136986301369863
1.1567982975793978	0.07846218561643836	0.4136986301369863
1.1676092136836134	0.07631508972602741	0.4136986301369863
1.1783045028003614	0.07500589490410955	0.4136986301369863
1.1888866121308983	0.07342889641095891	0.4136986301369863
1.1993579119981939	0.0723522664109589	0.4136986301369863
1.2097206990337404	0.0709748154520548	0.4136986301369863
1.2199771992009294	0.06971245958904108	0.4136986301369863
1.2301295706649475	0.06869724315068493	0.4136986301369863
1.240179906518449	0.0675556666027397	0.4136986301369863
1.250130237371617	0.06632423057534247	0.4136986301369863
1.2599825338146287	0.0653340842739726	0.4136986301369863
1.2697387087599932	0.06438402123287673	0.4136986301369863
1.2794006196717302	0.06344091660273969	0.4136986301369863
1.2889700706878808	0.06256910879452056	0.4136986301369863
1.2984488146424247	0.06157558257534246	0.4136986301369863
1.3078385549922638	0.060716731808219175	0.4136986301369863
1.3171409476545772	0.05989539109589038	0.4136986301369863
1.3263576027595012	0.059079643589041095	0.4136986301369863
1.3354900863227739	0.05864271164383562	0.4136986301369863
1.3445399218426917	0.057928415452054786	0.4136986301369863
1.3535085918254521	0.05691120084931508	0.4136986301369863
1.3623975392426981	0.05547799572602737	0.4136986301369863
1.371208168924853	0.055629595589041105	0.4136986301369863
1.3799418488936075	0.055326602712328775	0.4136986301369863
1.3885999116367223	0.05400326353424658	0.4136986301369863
1.3971836553281136	0.052902854136986296	0.4136986301369863
1.4056943449960222	0.0519896102739726	0.4136986301369863
1.414133213641887	0.05302127123287671	0.4136986301369863
1.4225014633124036	0.05114248372602737	0.4136986301369863
1.4308002661270987	0.05073601654794521	0.4136986301369863
1.439030765263614	0.05010055890410959	0.4136986301369863
1.447194075902775	0.04998545139726025	0.4136986301369863
1.4552912861353944	0.04975563353424658	0.4136986301369863
1.4633234578326586	0.04941189961643836	0.4136986301369863
1.4712916274818355	0.04887009093150682	0.4136986301369863
1.479196806988949	0.048898532712328774	0.4136986301369863
1.4870399844499749	0.04821821358904109	0.4136986301369863
1.50254417098594	0.0479361538630137	0.4136986301369863
1.5178116431167283	0.047318534904109595	0.4136986301369863
1.5328495204812689	0.04684402671232874	0.4136986301369863
1.5476646062664094	0.046040090301369865	0.4136986301369863
1.5766521431396618	0.04581953928767123	0.4136986301369863
1.6048230201063582	0.044806378931506824	0.4136986301369863
1.6322219942944727	0.04429050915068493	0.4136986301369863
1.6456450146266133	0.044453092712328765	0.4136986301369863
1.658890241376634	0.043993212904109597	0.4136986301369863
1.6848657277798944	0.043723812356164383	0.4136986301369863
1.7101835357641844	0.043993212904109597	0.4136986301369863
1.7348761483545558	0.043993212904109597	0.4136986301369863
1.7589736999336165	0.04491536369863014	0.4136986301369863
1.7708081575806194	0.0452978529041096	0.4136986301369863
1.7825041973438107	0.04488810509589039	0.4136986301369863
1.8054937155685093	0.05041778715068491	0.4136986301369863
1.827966571420568	0.04626117084931507	0.4136986301369863
1.8820337926908437	0.05036003482191781	0.4136986301369863
1.9333270870783943	0.053615342465753425	0.4136986301369863
1.9821172512478262	0.057341645999999975	0.4136986301369863
-2.6788239208275053	5.16096493150685	0.663013698630137
-1.98567674026756	3.0910657613150683	0.663013698630137
-1.5802116321593958	2.3368784764931507	0.663013698630137
-1.2925295597076147	1.8413363958904114	0.663013698630137
-1.069386008393405	0.0	0.663013698630137
-0.8870644515994504	1.2858055121095888	0.663013698630137
-0.7329137717721921	0.0	0.663013698630137
-0.5993823791476695	0.0	0.663013698630137
-0.3762388278334598	0.0	0.663013698630137
0.029226280274704645	0.0	0.663013698630137
0.06201610309769555	0.0	0.663013698630137
0.09376480141227589	0.0	0.663013698630137
0.12453646007902941	0.0	0.663013698630137
0.1543894232287106	0.320805383890411	0.663013698630137
0.18337696010196292	0.0	0.663013698630137
0.21154783706865926	0.0	0.663013698630137
0.23894681125677372	0.0	0.663013698630137
0.26561505833893506	0.0	0.663013698630137
0.2915905447421956	0.0	0.663013698630137
0.3169083527264855	0.0	0.663013698630137
0.36569851689591754	0.2588239991232877	0.663013698630137
0.4122185325308105	0.0	0.663013698630137
0.4566702951016442	0.2387644997808219	0.663013698630137
0.49922990952044016	0.0	0.663013698630137
0.5400519040406954	0.0	0.663013698630137
0.5792726171939766	0.0	0.663013698630137
0.6170129451768237	0.0	0.663013698630137
0.6533805893476986	0.0	0.663013698630137
0.6884719091589686	0.0	0.663013698630137
0.7223734608346499	0.17948582405479452	0.663013698630137
0.7551632836576408	0.17305904663013702	0.663013698630137
0.7869119819722212	0.16801533567123295	0.663013698630137
0.8176836406389747	0.18828422800000003	0.663013698630137
0.8475366037886559	0.0	0.663013698630137
0.8765241406619082	0.17049424443835617	0.663013698630137
0.9046950176286046	0.16688246405479454	0.663013698630137
0.932093991816719	0.0	0.663013698630137
0.9587622388988805	0.15371458767123286	0.663013698630137
0.984737725302141	0.14627281583561647	0.663013698630137
1.010055533286431	0.14311360197260276	0.663013698630137
1.0347481458768024	0.0	0.663013698630137
1.0588456974558629	0.13088055501369864	0.663013698630137
1.082376194866057	0.1289435671232877	0.663013698630137
1.1053657130907557	0.12442263583561644	0.663013698630137
1.1278385689428143	0.12032107397260275	0.663013698630137
1.1498174756615895	0.11523550032876713	0.663013698630137
1.1713236808825531	0.14770884383561644	0.663013698630137
1.1923770900803856	0.10950397895890411	0.663013698630137
1.2129963772831212	0.1048130244383561	0.663013698630137
1.2331990846006406	0.10576418389041095	0.663013698630137
1.272419797753922	0.09791816597260274	0.663013698630137
1.310160125736769	0.09428347183561644	0.663013698630137
1.3285092644049656	0.09278930416438355	0.663013698630137
1.346527769907644	0.09096293347945207	0.663013698630137
1.3642273470070447	0.08988558926027398	0.663013698630137
1.381619089718914	0.08799152487671234	0.663013698630137
1.398713523078214	0.08688396712328768	0.663013698630137
1.4155206413945953	0.08616542602739727	0.663013698630137
1.4320499433458058	0.08468989567123289	0.663013698630137
1.4483104642175861	0.08383898389041097	0.663013698630137
1.4643108055640273	0.08285168356164382	0.663013698630137
1.4800591625321666	0.0818236410410959	0.663013698630137
1.4955633490681317	0.08103364032876714	0.663013698630137
1.51083082119892	0.08089462624657535	0.663013698630137
1.5258686985634606	0.07987883621917809	0.663013698630137
1.5406837843486012	0.07941923512328769	0.663013698630137
1.555282583769754	0.07900672789041097	0.663013698630137
1.5696713212218536	0.0785040110136986	0.663013698630137
1.58385595621381	0.07818493567123287	0.663013698630137
1.59784219818855	0.07754873424657535	0.663013698630137
1.6116355203208856	0.07754873424657535	0.663013698630137
1.6252411723766644	0.0768699739726027	0.663013698630137
1.638664192708805	0.07700548734246576	0.663013698630137
1.6519094194588257	0.07641912465753427	0.663013698630137
1.6649815010261786	0.07605939994520548	0.663013698630137
1.6778849058620862	0.07579016334246576	0.663013698630137
1.690623931639516	0.07619419726027393	0.663013698630137
1.7032027138463761	0.07440671232876714	0.663013698630137
1.7156252338449334	0.0750299186849315	0.663013698630137
1.7278953264367476	0.07454003775342466	0.663013698630137
1.7400166869690925	0.07383034789041096	0.663013698630137
1.7519928780158083	0.0744955826849315	0.663013698630137
1.7638273356628111	0.07445114087671229	0.663013698630137
1.7755233754260025	0.07480704663013699	0.663013698630137
1.798512893650701	0.07405176131506849	0.663013698630137
1.8209857495027597	0.0744955826849315	0.663013698630137
1.8750529707730355	0.07614925156164383	0.663013698630137
1.926346265160586	0.07673457994520548	0.663013698630137
1.975136429330018	0.07900672789041097	0.663013698630137
-1.0763668303112133	0.0	0.9123287671232877
-0.383219649751268	0.0	0.9123287671232877
0.6814910872411604	0.0	0.9123287671232877
0.7153926389168417	0.0	0.9123287671232877
0.779931160054413	0.0	0.9123287671232877
0.8107028187211665	0.2724781623287671	0.9123287671232877
0.8405557818708477	0.2581138743287671	0.9123287671232877
0.8695433187441	0.0	0.9123287671232877
0.8977141957107964	0.0	0.9123287671232877
0.9251131698989108	0.0	0.9123287671232877
0.9517814169810722	0.0	0.9123287671232877
0.9777569033843327	0.21363018336986303	0.9123287671232877
1.0030747113686227	0.2044597739178082	0.9123287671232877
1.0277673239589942	0.0	0.9123287671232877
1.0518648755380546	0.07122036131506848	0.9123287671232877
1.0753953729482488	0.18491083101369862	0.9123287671232877
1.0983848911729475	0.18220994556164377	0.9123287671232877
1.120857747025006	0.17414678391780816	0.9123287671232877
1.1428366537437813	0.16963242608219173	0.9123287671232877
1.1643428589647449	0.1652549996712329	0.9123287671232877
1.1853962681625774	0.1627793043287671	0.9123287671232877
1.206015555365313	0.15856785789041097	0.9123287671232877
1.2262182626828324	0.15358698073972604	0.9123287671232877
1.2654389758361138	0.1472160064931507	0.9123287671232877
1.3031793038189607	0.14105172032876714	0.9123287671232877
1.3215284424871574	0.13677983210958905	0.9123287671232877
1.3395469479898356	0.13438825347945205	0.9123287671232877
1.3572465250892365	0.13313066301369864	0.9123287671232877
1.3746382678011058	0.12905000802739724	0.9123287671232877
1.3917327011604057	0.1277494195068493	0.9123287671232877
1.408539819476787	0.12699945789041095	0.9123287671232877
1.4250691214279976	0.12510042731506849	0.9123287671232877
1.441329642299778	0.12591254589041095	0.9123287671232877
1.457329983646219	0.1210792470410959	0.9123287671232877
1.4730783406143584	0.11922517602739727	0.9123287671232877
1.4885825271503235	0.117844010630137	0.9123287671232877
1.5038499992811118	0.11679709512328768	0.9123287671232877
1.5188878766456524	0.11594991575342466	0.9123287671232877
1.533702962430793	0.11484671868493143	0.9123287671232877
1.5483017618519457	0.11823780821917808	0.9123287671232877
1.5626904993040454	0.11233578008219178	0.9123287671232877
1.5768751342960017	0.11291276416438356	0.9123287671232877
1.5908613762707418	0.11029625087671234	0.9123287671232877
1.6046546984030774	0.10953624452054793	0.9123287671232877
1.6182603504588562	0.11342687967123283	0.9123287671232877
1.6316833707909968	0.10991591926027398	0.9123287671232877
1.6449285975410175	0.11830350501369861	0.9123287671232877
1.6580006791083703	0.11272027191780822	0.9123287671232877
1.670904083944278	0.11029625087671234	0.9123287671232877
1.6836431097217077	0.11764735816438354	0.9123287671232877
1.6962218919285679	0.10928349295890413	0.9123287671232877
1.7209145045189393	0.10884188021917808	0.9123287671232877
1.745012056098	0.10546520547945208	0.9123287671232877
1.756846513745003	0.10540317624657533	0.9123287671232877
1.7685425535081942	0.10677203432876714	0.9123287671232877
1.7915320717328929	0.1047220589589041	0.9123287671232877
1.8140049275849515	0.10565140265753425	0.9123287671232877
1.8359838343037267	0.11349122621917809	0.9123287671232877
-1.0860325837358709	0.0	1.2575342465753425
-0.3928854031759255	0.0	1.2575342465753425
0.012579704932238887	1.0088926764657533	1.2575342465753425
0.30026177738401977	0.4641008732876713	1.2575342465753425
0.48258333417797444	0.0	1.2575342465753425
0.5234053286982295	0.0	1.2575342465753425
0.5626260418515108	0.0	1.2575342465753425
0.6003663698343579	0.3443668123561644	1.2575342465753425
0.6367340140052328	0.0	1.2575342465753425
0.6718253338165028	0.0	1.2575342465753425
0.7057268854921841	0.3828981018082191	1.2575342465753425
0.738516708315175	0.0	1.2575342465753425
0.7702654066297554	0.0	1.2575342465753425
0.8010370652965089	0.3361250712328767	1.2575342465753425
0.8308900284461901	0.32312041915068496	1.2575342465753425
0.8598775653194424	0.31539039386301376	1.2575342465753425
0.8880484422861388	0.3023038008493151	1.2575342465753425
0.9154474164742532	0.2939766102739726	1.2575342465753425
0.9421156635564146	0.2852863444109589	1.2575342465753425
0.9680911499596752	0.2742543863013699	1.2575342465753425
0.9934089579439651	0.26864558235616437	1.2575342465753425
1.0181015705343366	0.25782953030136985	1.2575342465753425
1.042199122113397	0.2535201616438356	1.2575342465753425
1.0657296195235912	0.24790527123287673	1.2575342465753425
1.0887191377482899	0.2396008294520548	1.2575342465753425
1.1111919936003485	0.23566494846575345	1.2575342465753425
1.1222418297869334	0.2315457692876712	1.2575342465753425
1.1331709003191237	0.2304678109315068	1.2575342465753425
1.1439818164233393	0.22756988613698634	1.2575342465753425
1.1546771055400873	0.22618112819178082	1.2575342465753425
1.1652592148706242	0.22288662739726026	1.2575342465753425
1.1757305147379198	0.21888117961643838	1.2575342465753425
1.1860933017734663	0.21814729520547946	1.2575342465753425
1.1963498019406553	0.2159530362739726	1.2575342465753425
1.2065021734046735	0.21376986879452045	1.2575342465753425
1.2165525092581748	0.21180417928767123	1.2575342465753425
1.226502840111343	0.2093341808219178	1.2575342465753425
1.2363551365543546	0.2075933635890411	1.2575342465753425
1.246111311499719	0.2062670547945206	1.2575342465753425
1.2557732224114562	0.20322256438356168	1.2575342465753425
1.2653426734276068	0.2009037844109589	1.2575342465753425
1.2748214173821506	0.1975003937260274	1.2575342465753425
1.2842111577319897	0.19650492961643837	1.2575342465753425
1.2935135503943032	0.19432376161643838	1.2575342465753425
1.3027302054992271	0.13852696709589038	1.2575342465753425
1.3118626890624998	0.18814503057534246	1.2575342465753425
1.329881194565178	0.1893142356164383	1.2575342465753425
1.347580771664579	0.18514134715068492	1.2575342465753425
1.3649725143764482	0.18543096986301372	1.2575342465753425
1.3820669477357481	0.17930144613698631	1.2575342465753425
1.3988740660521295	0.17533493161643837	1.2575342465753425
1.41540336800334	0.1748656827123288	1.2575342465753425
1.4316638888751203	0.17636949246575342	1.2575342465753425
1.4476642302215614	0.1735551308219178	1.2575342465753425
1.4634125871897008	0.17169146506849314	1.2575342465753425
1.4789167737256659	0.17374205071232876	1.2575342465753425
1.4941842458564543	0.16817821619178083	1.2575342465753425
1.5240372090061354	0.16470128490410957	1.2575342465753425
1.5530247458793878	0.16216257476712326	1.2575342465753425
1.5811956228460842	0.15991253161643834	1.2575342465753425
1.6085945970341986	0.1580346431506849	1.2575342465753425
1.6220176173663392	0.1597332072328767	1.2575342465753425
1.63526284411636	0.1561678461369863	1.2575342465753425
1.6612383305196203	0.15528279353424657	1.2575342465753425
1.6865561385039103	0.15106955079452047	1.2575342465753425
1.7112487510942818	0.154400256	1.2575342465753425
1.7353463026733424	0.15246752646575343	1.2575342465753425
1.7471807603203453	0.15590206627397263	1.2575342465753425
1.7588768000835366	0.15150572654794522	1.2575342465753425
1.7818663183082353	0.15106955079452047	1.2575342465753425
1.8043391741602939	0.15369603682191785	1.2575342465753425
1.8584063954305696	0.15011217739726027	1.2575342465753425
1.9096996898181202	0.1522049155890411	1.2575342465753425
1.9584898539875522	0.1697454433972603	1.2575342465753425
-1.0903284741468298	0.0	1.4109589041095891
-0.3971812935868844	0.0	1.4109589041095891
0.008283814521279985	0.0	1.4109589041095891
0.29596588697306087	0.0	1.4109589041095891
0.5191094382872706	0.39618880863013706	1.4109589041095891
0.5583301514405519	0.0	1.4109589041095891
0.596070479423399	0.0	1.4109589041095891
0.6324381235942739	0.4369630376712329	1.4109589041095891
0.6675294434055439	0.0	1.4109589041095891
0.7014309950812252	0.40627088602739725	1.4109589041095891
0.7342208179042161	0.38416917424657543	1.4109589041095891
0.7659695162187965	0.3695855030136987	1.4109589041095891
0.79674117488555	0.3551424338356165	1.4109589041095891
0.8265941380352312	0.3465588230136986	1.4109589041095891
0.8555816749084835	0.33202968534246574	1.4109589041095891
0.8837525518751799	0.3229213106849315	1.4109589041095891
0.9111515260632943	0.31327441534246564	1.4109589041095891
0.9378197731454557	0.0	1.4109589041095891
0.9637952595487163	0.28890265410958904	1.4109589041095891
0.9891130675330062	0.2833115319178083	1.4109589041095891
1.0138056801233777	0.11524943726027398	1.4109589041095891
1.0379032317024381	0.0	1.4109589041095891
1.0614337291126323	0.2610076579452055	1.4109589041095891
1.084423247337331	0.25713824424657533	1.4109589041095891
1.1068961031893896	0.24818253534246576	1.4109589041095891
1.1288750099081648	0.24300239726027398	1.4109589041095891
1.1503812151291284	0.2408989961643836	1.4109589041095891
1.1714346243269609	0.23614204698630126	1.4109589041095891
1.1920539115296964	0.23429854452054794	1.4109589041095891
1.212256618847216	0.2250766723287671	1.4109589041095891
1.2320592461433957	0.22249186616438357	1.4109589041095891
1.2514773320004973	0.21880930575342464	1.4109589041095891
1.2705255269711917	0.21758861465753426	1.4109589041095891
1.2892176599833443	0.2147169182191781	1.4109589041095891
1.307566798651541	0.2085965171232877	1.4109589041095891
1.3255853041542192	0.20675604821917806	1.4109589041095891
1.34328488125362	0.20492373465753427	1.4109589041095891
1.3606766239654893	0.20245770301369867	1.4109589041095891
1.3777710573247892	0.19958184424657535	1.4109589041095891
1.3945781756411706	0.19841609589041098	1.4109589041095891
1.4273679984641614	0.19556918999999992	1.4109589041095891
1.459116696778742	0.19222171821917808	1.4109589041095891
1.474620883314707	0.19253431616438346	1.4109589041095891
1.4898883554454954	0.1911815593150685	1.4109589041095891
1.5197413185951765	0.18653576547945205	1.4109589041095891
1.5487288554684289	0.18890314287671234	1.4109589041095891
1.5768997324351253	0.18510206191780815	1.4109589041095891
1.6042987066232397	0.18530653808219177	1.4109589041095891
1.6177217269553803	0.18438728424657536	1.4109589041095891
1.630966953705401	0.18397946068493148	1.4109589041095891
1.6569424401086614	0.1845913653424658	1.4109589041095891
1.6822602480929514	0.1831651680821918	1.4109589041095891
1.7069528606833229	0.18184579452054794	1.4109589041095891
1.7428848699093864	0.18387757534246577	1.4109589041095891
1.800043283749335	0.1847955593150685	1.4109589041095891
0.2723384897127869	0.8734662698082193	2.254794520547945
0.572443082163125	0.5574028830684931	2.254794520547945
0.6088107263339999	0.6153373930958904	2.254794520547945
0.6439020461452699	0.5885437825479453	2.254794520547945
0.6778035978209512	0.5063844817260273	2.254794520547945
0.7423421189585225	0.4766997285479452	2.254794520547945
0.8029667407749572	0.45254627945205456	2.254794520547945
0.8319542776482095	0.5438095611780821	2.254794520547945
0.8601251546149059	0.4254873021369861	2.254794520547945
0.8875241288030203	0.41458780580821925	2.254794520547945
0.9141923758851818	0.5012684431506849	2.254794520547945
0.9401678622884423	0.40325739569863017	2.254794520547945
0.9654856702727322	0.3915200177260274	2.254794520547945
0.9901782828631037	0.3834813821369863	2.254794520547945
1.0142758344421643	0.3747903443013698	2.254794520547945
1.0607958500770571	0.3678363776164383	2.254794520547945
1.0832687059291157	0.3613084769041096	2.254794520547945
1.1267538178688545	0.35002528219178064	2.254794520547945
1.147807227066687	0.3452444188219178	2.254794520547945
1.188629221586942	0.3368262787671233	2.254794520547945
1.2278499347402234	0.32902863561643836	2.254794520547945
1.2655902627230704	0.3211520972054795	2.254794520547945
1.283939401391267	0.31741878882191776	2.254794520547945
1.3019579068939453	0.3152230022739726	2.254794520547945
1.3196574839933461	0.31253095799999986	2.254794520547945
1.3370492267052154	0.3086813698630137	2.254794520547945
1.3541436600645154	0.3060174654246576	2.254794520547945
1.3709507783808967	0.30468984241095887	2.254794520547945
1.3874800803321072	0.3012185636986301	2.254794520547945
1.4037406012038876	0.3361294570684932	2.254794520547945
1.4197409425503287	0.29694834364383565	2.254794520547945
1.435489299518468	0.29694834364383565	2.254794520547945
1.4509934860544331	0.2935215745753425	2.254794520547945
1.4662609581852215	0.32748006528767126	2.254794520547945
1.481298835549762	0.29270860841095886	2.254794520547945
1.4961139213349026	0.3259351477260274	2.254794520547945
1.5107127207560553	0.28962961884931504	2.254794520547945
1.525101458208155	0.2987512547945205	2.254794520547945
1.5392860932001113	0.3160666336438354	2.254794520547945
1.5532723351748514	0.3152230022739726	2.254794520547945
1.567065657307187	0.2849614952054794	2.254794520547945
1.5806713093629658	0.28272149213698616	2.254794520547945
1.5940943296951064	0.31152441772602735	2.254794520547945
1.6073395564451272	0.28320074871232875	2.254794520547945
1.62041163801248	0.2816048051506849	2.254794520547945
1.6333150428483876	0.2819236330958903	2.254794520547945
1.6460540686258174	0.3071815030958904	2.254794520547945
1.6586328508326775	0.27953682035616445	2.254794520547945
1.7192574726491126	0.2808085244657534	2.254794520547945
1.7309535124123039	0.2784264467945205	2.254794520547945
1.7764158864890611	0.2808085244657534	2.254794520547945
1.7983947932078364	0.30353053980821915	2.254794520547945
1.8304831077593369	0.27621232876712326	2.254794520547945
1.8817764021468875	0.27874347090410945	2.254794520547945
1.9305665663163194	0.27937806027397255	2.254794520547945
